%0.60, 0.65,0.7, 0.75
time0 = [];
time1 = [];
tIme2 = [];
time3 = [];
time4 = [0.907315,1.563351,2.845757,4.664305];
timeq = [3.975534,6.509376,];

error0 = [];
error1 = [];
error2 = [];
error3 = [];
error4 = [5.0200000e-05,0.0027268];
errorq = [6.9995333e-06,0.0016133,0.1445572];